-3.000000000000000000e+00
-2.950000000000000178e+00
-2.900000000000000355e+00
-2.850000000000000533e+00
-2.800000000000000711e+00
-2.750000000000000888e+00
-2.700000000000001066e+00
-2.650000000000001243e+00
-2.600000000000001421e+00
-2.550000000000001599e+00
-2.500000000000001776e+00
-2.450000000000001954e+00
-2.400000000000002132e+00
-2.350000000000002309e+00
-2.300000000000002487e+00
-2.250000000000002665e+00
-2.200000000000002842e+00
-2.150000000000003020e+00
-2.100000000000003197e+00
-2.050000000000003375e+00
-2.000000000000003553e+00
-1.950000000000003730e+00
-1.900000000000003908e+00
-1.850000000000004086e+00
-1.800000000000004263e+00
-1.750000000000004441e+00
-1.700000000000004619e+00
-1.650000000000004796e+00
-1.600000000000004974e+00
-1.550000000000005151e+00
-1.500000000000005329e+00
-1.450000000000005507e+00
-1.400000000000005684e+00
-1.350000000000005862e+00
-1.300000000000006040e+00
-1.250000000000006217e+00
-1.200000000000006395e+00
-1.150000000000006573e+00
-1.100000000000006750e+00
-1.050000000000006928e+00
-1.000000000000007105e+00
-9.500000000000072831e-01
-9.000000000000074607e-01
-8.500000000000076383e-01
-8.000000000000078160e-01
-7.500000000000079936e-01
-7.000000000000081712e-01
-6.500000000000083489e-01
-6.000000000000085265e-01
-5.500000000000087041e-01
-5.000000000000088818e-01
-4.500000000000090594e-01
-4.000000000000092371e-01
-3.500000000000094147e-01
-3.000000000000095923e-01
-2.500000000000097700e-01
-2.000000000000099476e-01
-1.500000000000101252e-01
-1.000000000000103029e-01
-5.000000000001048051e-02
-1.065814103640150279e-14
4.999999999998916422e-02
9.999999999998898659e-02
1.499999999999888090e-01
1.999999999999886313e-01
2.499999999999884537e-01
2.999999999999882760e-01
3.499999999999880984e-01
3.999999999999879208e-01
4.499999999999877431e-01
4.999999999999875655e-01
5.499999999999873879e-01
5.999999999999872102e-01
6.499999999999870326e-01
6.999999999999868550e-01
7.499999999999866773e-01
7.999999999999864997e-01
8.499999999999863221e-01
8.999999999999861444e-01
9.499999999999859668e-01
9.999999999999857891e-01
1.049999999999985612e+00
1.099999999999985434e+00
1.149999999999985256e+00
1.199999999999985079e+00
1.249999999999984901e+00
1.299999999999984723e+00
1.349999999999984546e+00
1.399999999999984368e+00
1.449999999999984190e+00
1.499999999999984013e+00
1.549999999999983835e+00
1.599999999999983658e+00
1.649999999999983480e+00
1.699999999999983302e+00
1.749999999999983125e+00
1.799999999999982947e+00
1.849999999999982769e+00
1.899999999999982592e+00
1.949999999999982414e+00
1.999999999999982236e+00
2.049999999999982059e+00
2.099999999999981881e+00
2.149999999999981704e+00
2.199999999999981526e+00
2.249999999999981348e+00
2.299999999999981171e+00
2.349999999999980993e+00
2.399999999999980815e+00
2.449999999999980638e+00
2.499999999999980460e+00
2.549999999999980282e+00
2.599999999999980105e+00
2.649999999999979927e+00
2.699999999999979750e+00
2.749999999999979572e+00
2.799999999999979394e+00
2.849999999999979217e+00
2.899999999999979039e+00
2.949999999999978861e+00
