6.429190476877363891e-02
8.699954632259357390e-02
1.873157744287761491e-03
-1.942140098041570534e-02
5.213567200505500598e-02
-5.231000874699475583e-02
-1.057772643813010005e-01
4.961600518031671764e-02
-9.341056010335307969e-02
7.440491170953088956e-03
8.048086924872707368e-03
-4.799727898867010151e-02
1.016953260027805839e-03
-1.374935726376450840e-01
-2.328738696787294518e-02
5.604700647188572832e-02
5.816020799212132802e-02
3.242509043645129541e-02
-2.062155141924756907e-02
1.420598474269716728e-02
2.533587408393982512e-02
-7.798947418931513609e-02
7.598164845204434525e-02
6.155762551316419987e-03
1.522118005413898578e-02
3.623602450139422337e-05
-7.689449143113968876e-02
1.538599903794485649e-02
-1.042297310250197770e-02
3.065699284269364847e-02
-2.790279841730316027e-02
-1.408119837845920805e-02
2.033874773449393519e-02
-1.985550865925479747e-02
4.810886081037635265e-02
3.414443190678864704e-03
1.170632004220178712e-01
9.125970532782257116e-02
1.567223902732874929e-01
3.977809301099674566e-02
6.638794086041716058e-02
1.850617422212839092e-01
2.553944713142649592e-01
1.883436219801408462e-01
2.138553791445259589e-01
2.200324600607126424e-01
1.773405442291986212e-01
4.709216245804303536e-01
4.118970408910632153e-01
4.707606157808413849e-01
4.847850738923519254e-01
5.814430744886794900e-01
6.186054671059914023e-01
7.544671640139440916e-01
7.273285070690138632e-01
7.769005433340768763e-01
7.303333757481985655e-01
8.832277467736651122e-01
8.625159617314299698e-01
8.419238947219526148e-01
9.790287736648940475e-01
9.479202069094470051e-01
1.010725650008092114e+00
1.000874303341319438e+00
9.777051544964582286e-01
1.049881268152281555e+00
9.378838632467140224e-01
1.002039404939006673e+00
9.458053375784326589e-01
9.121699524434484507e-01
8.147575723761222299e-01
8.777444680177183267e-01
7.950686201479875148e-01
7.534529754974208515e-01
7.960292901395821241e-01
6.270727737066420504e-01
5.705041901788125980e-01
5.866522675942160703e-01
4.748686609335834863e-01
5.430814234776308869e-01
3.745926726790860806e-01
4.082699474739382439e-01
3.115295801270193121e-01
2.929375365627606143e-01
1.766467056603086561e-01
2.793148777064798360e-01
8.807027477192033715e-02
1.408029032283448501e-01
1.566880906452902678e-01
5.911507800966980114e-02
1.531618623171806526e-01
9.020790451925034259e-02
2.172617945468764689e-02
7.494255511062317132e-02
5.926714994988334373e-03
-5.052641433976105129e-02
7.336772420619336321e-02
7.630099715630808688e-02
-2.608469113866979106e-02
-1.108412141538423108e-02
-5.569612750460622291e-02
-6.004105081803309818e-03
4.376372470248332536e-02
-2.205035147377708282e-02
4.199603419978470420e-02
2.240422793027779802e-02
2.861566310994982654e-03
1.234614920400237681e-01
5.192460415371180638e-02
3.153826289422911877e-02
3.457349612840271424e-02
-5.543090924800375685e-03
-9.013073510552263579e-03
1.452073950542417079e-02
-4.444212591125160441e-03
5.988516861544120051e-03
7.492784015312899115e-02
6.309958832476256219e-02
-9.117145405893001264e-02
9.170592557392730215e-02
