6.436961907047962506e-03
-1.451678219069090295e-02
5.297013431243593334e-02
6.748921789858935982e-02
7.993567691789743579e-02
7.475434653598962698e-02
7.594053504076084260e-02
-2.396937118294650490e-02
-1.118562454305032858e-02
5.738443799916309596e-02
6.702878155920451164e-02
6.060773402646629782e-02
-1.270904228934058994e-02
5.636281543094898150e-02
6.361666649996830514e-02
1.081861273345667840e-01
1.557295355886807176e-01
4.625972908716406706e-02
-2.540305019647193241e-03
1.425331993948745213e-01
6.316938885402557935e-03
1.071081140452044833e-01
2.560693112968149415e-02
3.960837789929844144e-02
9.126285308017331732e-03
1.509893767709501733e-01
1.267160779046494490e-01
5.789790635728208484e-02
6.488436689985850603e-02
1.115605973345052127e-01
4.280011607877896168e-02
1.073205914935146527e-01
9.907083977769542971e-02
6.950698358120825648e-02
8.328073026400817369e-02
1.391675207975058004e-01
1.649690430036768740e-01
1.319719162390223244e-01
9.799254929934672620e-02
1.822957988683556740e-01
1.863109891516388505e-01
2.371530331666826530e-01
1.736350099488104815e-01
2.904707384875703235e-01
2.866766658027031234e-01
3.070962591010409914e-01
2.899928084326918176e-01
3.006153001914164125e-01
3.664182155155072951e-01
3.550897220134073828e-01
4.176437764205993552e-01
4.962061314913522314e-01
6.688477898712568148e-01
6.086585880251010883e-01
7.176437541442156620e-01
6.938246564209317180e-01
7.934363072946598594e-01
8.963332600549430706e-01
9.781805513241725869e-01
9.789566159153069158e-01
1.004913403703365571e+00
9.274571931086430521e-01
1.019855913329109409e+00
8.127683442914558354e-01
8.523603146876550518e-01
7.294091696518739676e-01
6.353295939811550719e-01
6.003144303563309192e-01
5.153432356563952821e-01
4.747860457046653715e-01
4.089958680425249682e-01
3.720064070935317768e-01
3.448827758839464463e-01
3.588980159870184816e-01
3.852649449966599748e-01
2.034697969453681254e-01
3.000946284186931656e-01
2.122844691876622503e-01
1.484988048057470089e-01
2.021590815830213717e-01
1.812437023126796110e-01
1.464270301252351414e-01
1.277749596901778251e-01
1.593330104496956945e-01
6.796806421480010296e-02
1.710043080293430218e-01
9.012196762374735659e-02
1.615733596309766873e-01
1.055252640240834094e-01
1.176574145201356447e-01
1.021792085034958775e-01
2.154798442687811955e-01
1.354856478461106128e-01
7.546059594692480776e-02
9.207008301402232198e-03
1.081059153879222190e-01
1.002135813806107889e-01
4.603943754087971157e-02
2.313068115818672776e-02
1.339129751558666703e-02
6.004501624558293560e-02
7.209955185056281246e-02
4.891463070002562141e-02
1.723219471773261569e-01
5.364885471150578067e-02
7.462775787928260796e-02
-7.487710731462128566e-03
6.427883408860808612e-02
5.456629378774219274e-02
5.512199441916616760e-02
7.984340758533280819e-03
2.735753692849857491e-02
1.808754114117329392e-02
4.819592452443248465e-02
-6.289800022212625741e-02
-1.766341904412187247e-02
6.889289068830921348e-02
4.444442254809792547e-02
2.324465089509817478e-03
7.534498200608727436e-02
