5.795463074008615906e-02
-4.242531470172940938e-02
-5.101221591964982122e-02
7.389865903041847872e-02
-3.632687366569643111e-02
-3.730849174174653143e-02
-4.921355318531595024e-02
-7.390806640569695662e-02
-2.865214990859487124e-02
3.427337088016724209e-02
-7.083913172145750448e-02
1.319731728023703851e-02
-2.277534054362897672e-02
-5.438486317913086149e-02
-7.110106995496193009e-03
1.738663670789256446e-02
-1.259502152546906374e-02
-7.872836291836118883e-02
7.443668370188632859e-03
-6.287157748402091850e-02
-1.564603500229548930e-02
-5.633443089655437719e-02
-5.775006273382542882e-02
-2.477247046877720932e-02
8.513914429234066550e-02
7.740334440458469800e-02
-1.208127294178983069e-02
4.187791311765361180e-02
1.268876783073357231e-02
-6.542408598300825107e-02
1.997455046475939480e-02
-7.892954745604957578e-02
9.157982726285407438e-02
-3.526207662702299933e-02
1.956450435458180204e-01
3.428470972227197489e-03
2.386683399727922150e-02
4.430379714207097197e-02
1.100014640694857437e-01
6.818828867843797215e-02
8.303131535249158590e-02
1.085264409826839777e-01
2.216892216635306112e-01
2.111464932434830855e-01
1.614451907569765532e-01
3.339545284324240138e-01
2.516968831161735531e-01
3.058657213018566301e-01
3.856557330670302708e-01
5.140914418115916096e-01
4.428306131365347120e-01
6.152368726997665682e-01
5.847571168233791639e-01
6.590232052898409298e-01
6.770890256374185734e-01
7.775304102476421342e-01
8.183074200089464068e-01
8.494937833301521302e-01
8.015026527536462941e-01
8.729578812260943010e-01
9.912560180091797291e-01
9.900775784059554496e-01
1.015146216362112552e+00
9.772317998172305176e-01
1.024290133631809097e+00
9.611276600258008562e-01
1.090337187161818377e+00
9.884147753267086278e-01
1.071669839107708411e+00
8.826471986961540450e-01
9.128310602009579444e-01
9.872832777661089132e-01
8.076034207932104581e-01
8.137208366979236107e-01
6.897314771196537686e-01
6.814776928968059311e-01
6.434731304766565518e-01
5.306018655282789265e-01
4.909494880758785151e-01
5.420775767923765587e-01
4.506974734667930083e-01
3.728459490453836511e-01
2.015048601484917823e-01
2.825836939014377269e-01
2.618274786531198939e-01
1.347852835015098671e-01
1.923732268342930596e-01
1.706332402748994281e-01
1.266111943370758497e-01
1.556387648435031135e-01
2.115537974086151296e-02
1.443137497360287569e-01
1.400464755984724002e-02
1.308172217994319764e-01
2.247829373477846018e-02
-1.150343929460775211e-02
-4.480599339059889580e-02
6.216217515010540040e-02
3.994844615154836964e-02
7.464159201310029135e-03
1.065207503511538534e-01
-6.795948286220374057e-02
1.022348796575308638e-01
-9.313102882132333338e-02
2.096224655823290470e-02
-4.786264690534871441e-02
-4.675469656342658153e-02
-4.179576286093113907e-02
1.993318235248825454e-02
-2.988774730269459778e-02
-6.687591654458503732e-02
-4.186703440052504110e-02
-3.511406476046355363e-02
-7.213029640696848321e-02
8.695626887196404586e-03
3.767554246297226406e-02
-1.954805101591610902e-02
-5.956643351643915035e-02
-4.197706525924632670e-02
2.979582834719794737e-03
