6.237749035977751405e-02
-3.857457763464804124e-02
4.428705138362425131e-02
-4.549559231146239197e-03
2.739083005258229064e-02
2.664738188284057965e-02
1.139379009020976552e-01
4.740414709250125730e-02
5.849734949129586220e-02
-5.579536952507384989e-03
3.131934318694804681e-02
5.553492305756121961e-02
-2.996971421686468046e-02
6.065716525524483815e-02
-1.568610596205709945e-02
5.062188504032130720e-03
-1.245637106134213357e-03
1.171323665016599236e-01
6.030310861834783931e-02
1.821258490760436360e-02
3.343582725846831749e-02
1.842429230995246831e-02
5.617836390143880060e-02
6.483483448533793048e-02
1.139319224786277396e-01
4.440750594929449013e-02
6.841648523823432027e-02
1.094368954463893207e-01
2.736690448385498131e-02
1.053724732564602501e-01
8.774908902161875079e-02
6.425316575337421121e-02
1.355540402352463925e-01
5.797473924926659083e-02
1.609676424105786485e-01
1.024901366209278880e-01
1.624774368150641024e-01
1.518355582930194514e-01
1.056691955030948649e-01
1.979330475311768811e-01
2.225228229936849489e-01
1.762795742481244321e-01
2.274578974338092863e-01
1.989768198992660497e-01
2.607208579742237298e-01
2.282937752171308177e-01
3.129971681758976221e-01
2.657580819811685702e-01
3.686586552645841341e-01
4.914569851637695108e-01
5.254517021365683327e-01
4.572557620603602269e-01
5.349312765321925234e-01
6.642670081913818469e-01
7.174515040766775709e-01
7.022839397885929369e-01
9.236709379674709064e-01
7.936839424473227655e-01
9.077226649312042372e-01
1.107363614642182137e+00
9.978398782266781897e-01
9.391687953385263743e-01
9.473070041116298245e-01
9.127888285212429897e-01
8.011189715994734284e-01
6.854461947021804891e-01
6.252228537423814014e-01
6.332699344205652281e-01
5.496083459301694951e-01
4.616360739547767933e-01
3.623014579734685769e-01
4.167128424994761549e-01
3.068245136112028870e-01
3.074920927932871528e-01
2.631378576891615362e-01
2.369080335589877073e-01
1.763080783529258067e-01
2.393268366253446522e-01
2.713158575058167710e-01
1.922597769276722934e-01
1.807729125675602289e-01
2.111704394658167339e-01
1.255230086525069289e-01
1.457220802489281319e-01
1.194599264135372679e-01
1.368858778698706091e-01
9.569392544753557717e-02
1.584998682185633501e-01
5.251151623473566954e-02
1.024059031653924146e-01
9.075194167058986405e-02
1.060337697590022082e-01
9.568402348471558017e-02
8.026755553397620091e-02
5.387398146545353816e-02
2.708966423556426195e-02
9.226669842595822124e-02
2.855206988987046834e-02
7.832313019404087140e-02
7.013430569813508542e-02
9.673174637629253225e-02
-3.855116064151498101e-02
1.267765915037016300e-01
4.174791313637724738e-02
1.451669167519282003e-02
-2.840456576200680455e-02
7.113761902527861170e-02
1.462156816642231141e-02
1.432798404752319218e-02
1.969958387812958261e-02
-4.100983168066765772e-02
3.837969545904056090e-02
3.835558734660945990e-02
4.617423039564451381e-02
-2.750179530868280750e-02
-7.848908020123762652e-02
-2.736348350183023109e-02
6.151013747640264595e-02
-6.918378614546364519e-03
3.354659472236773410e-02
